Epochs: 8, alpha: 0.01/2 cada iteração

[[2387   20   53  126   13    5  308    0   51    0]
 [  15 2897   12   62    2    0    8    0    2    0]
 [  57    7 2281   37  355    3  245    0   23    0]
 [ 146   43   26 2528  129    1   88    0   26    0]
 [  14    6  297  113 2386    0  262    0   22    0]
 [   6    0    1    5    2 2806    3  116   27   52]
 [ 486    6  309   90  277    0 1748    1   44    1]
 [   0    0    0    1    0  125    0 2691   10  117]
 [  25    3   33   14   19   19   66   12 2815    1]
 [   1    0    0    2    1   42    0  123    2 2842]]
             precision    recall  f1-score   support

          0       0.76      0.81      0.78      2963
          1       0.97      0.97      0.97      2998
          2       0.76      0.76      0.76      3008
          3       0.85      0.85      0.85      2987
          4       0.75      0.77      0.76      3100
          5       0.94      0.93      0.93      3018
          6       0.64      0.59      0.61      2962
          7       0.91      0.91      0.91      2944
          8       0.93      0.94      0.93      3007
          9       0.94      0.94      0.94      3013

avg / total       0.85      0.85      0.85     30000
