Epochs: 10, alpha: 0.01/1.2 cada iteração

VALIDATION (Substitui com os seus valores Zé)

[[2453   14   46   81   11    2  319    1   36    0]
 [  11 2905   14   47    7    1    9    1    2    1]
 [  55    3 2371   35  297    2  233    0   12    0]
 [ 150   55   15 2534  128    2   86    0   17    0]
 [   6    6  291   95 2452    0  239    0   11    0]
 [   4    2    2    0    0 2758    4  157   17   74]
 [ 447    9  272   66  236    1 1895    1   34    1]
 [   0    0    0    0    0   68    0 2783    7   86]
 [  16    5   28   16   15   17   65   22 2822    1]
 [   2    0    1    0    0   30    0  130    2 2848]]
             precision    recall  f1-score   support

          0       0.78      0.83      0.80      2963
          1       0.97      0.97      0.97      2998
          2       0.78      0.79      0.78      3008
          3       0.88      0.85      0.86      2987
          4       0.78      0.79      0.79      3100
          5       0.96      0.91      0.94      3018
          6       0.66      0.64      0.65      2962
          7       0.90      0.95      0.92      2944
          8       0.95      0.94      0.95      3007
          9       0.95      0.95      0.95      3013

avg / total       0.86      0.86      0.86     30000

TEST (Substitui com os seus valores Zé)

[[831   5  19  25   2   1 105   1  11   0]
 [  6 972   3  15   0   1   3   0   0   0]
 [ 14   3 772  14 108   0  83   0   6   0]
 [ 42  27  13 865  30   1  21   0   1   0]
 [  3   3  80  26 825   0  61   0   2   0]
 [  1   3   1   1   0 910   0  59   5  20]
 [144   8  87  21  73   1 652   0  14   0]
 [  0   0   0   0   0  20   0 928   0  52]
 [  6   0  11   2   6   5  20   8 942   0]
 [  0   0   0   0   0   7   0  48   2 943]]
             precision    recall  f1-score   support

          0       0.79      0.83      0.81      1000
          1       0.95      0.97      0.96      1000
          2       0.78      0.77      0.78      1000
          3       0.89      0.86      0.88      1000
          4       0.79      0.82      0.81      1000
          5       0.96      0.91      0.94      1000
          6       0.69      0.65      0.67      1000
          7       0.89      0.93      0.91      1000
          8       0.96      0.94      0.95      1000
          9       0.93      0.94      0.94      1000

avg / total       0.86      0.86      0.86     10000


