Epochs: 10, alpha: 0.01/1.2 cada iteração

VALIDATION

[[2509   13   37  125   45    2  187    2   43    0]
 [  19 2863   14   73   17    0   10    0    2    0]
 [  90    5 1843   35  843    0  168    0   24    0]
 [ 118   27   15 2566  162    0   82    1   16    0]
 [  17    0  108  101 2740    0  122    0   12    0]
 [   3    3    2    8    2 2601    3  186   59  151]
 [ 556   11  231   87  669    0 1353    0   54    1]
 [   0    0    0    0    0   67    0 2754    9  114]
 [  26    1   16   39   37   15   26   16 2830    1]
 [   2    0    0    1    0   28    0  118    5 2859]]
             precision    recall  f1-score   support

          0       0.75      0.85      0.80      2963
          1       0.98      0.95      0.97      2998
          2       0.81      0.61      0.70      3008
          3       0.85      0.86      0.85      2987
          4       0.61      0.88      0.72      3100
          5       0.96      0.86      0.91      3018
          6       0.69      0.46      0.55      2962
          7       0.90      0.94      0.91      2944
          8       0.93      0.94      0.93      3007
          9       0.91      0.95      0.93      3013

avg / total       0.84      0.83      0.83     30000



TEST

[[842   6  11  50  10   0  63   0  17   1]
 [  5 963   8  16   3   2   2   1   0   0]
 [ 33   1 607  15 275   0  60   0   9   0]
 [ 33  18   9 859  51   0  25   0   4   1]
 [  0   0  29  26 906   0  37   0   2   0]
 [  4   2   2   1   1 844   1  75  19  51]
 [186   4  77  37 218   0 453   0  25   0]
 [  0   0   0   0   0  22   0 916   2  60]
 [  4   1   5  12  11   5  14   5 941   2]
 [  1   0   0   0   1   8   0  33   2 955]]
             precision    recall  f1-score   support

          0       0.76      0.84      0.80      1000
          1       0.97      0.96      0.97      1000
          2       0.81      0.61      0.69      1000
          3       0.85      0.86      0.85      1000
          4       0.61      0.91      0.73      1000
          5       0.96      0.84      0.90      1000
          6       0.69      0.45      0.55      1000
          7       0.89      0.92      0.90      1000
          8       0.92      0.94      0.93      1000
          9       0.89      0.95      0.92      1000

avg / total       0.84      0.83      0.82     10000






