Epochs: 10, alpha: 0.01/2 cada iteração

VALIDATION

[[2387   20   53  126   13    5  308    0   51    0]
[[2354   21   52  127   13    5  340    0   51    0]
 [  15 2897   12   62    2    0    8    0    2    0]
 [  57    7 2285   34  351    3  250    0   21    0]
 [ 136   46   26 2533  129    1   91    0   25    0]
 [  12    7  315  115 2365    0  264    0   22    0]
 [   6    0    1    5    2 2807    3  115   27   52]
 [ 475    7  309   91  276    0 1758    1   44    1]
 [   0    0    0    1    0  126    0 2689   12  116]
 [  22    3   32   14   20   19   72   12 2812    1]
 [   1    0    0    2    1   42    0  123    2 2842]]
             precision    recall  f1-score   support

          0       0.76      0.79      0.78      2963
          1       0.97      0.97      0.97      2998
          2       0.75      0.76      0.76      3008
          3       0.85      0.85      0.85      2987
          4       0.75      0.76      0.76      3100
          5       0.93      0.93      0.93      3018
          6       0.63      0.59      0.61      2962
          7       0.91      0.91      0.91      2944
          8       0.93      0.94      0.93      3007
          9       0.94      0.94      0.94      3013

avg / total       0.84      0.84      0.84     30000

TEST

[[798   3  18  39   3   3 122   1  12   1]
 [  3 969   5  14   1   1   6   0   1   0]
 [ 21   1 757  11 108   0  88   0  14   0]
 [ 37  20  12 855  31   2  37   0   6   0]
 [  0   3  82  28 793   0  89   0   5   0]
 [  3   1   0   1   0 911   0  49  12  23]
 [156   5  96  32  82   1 612   0  16   0]
 [  0   0   0   0   0  41   0 902   1  56]
 [  5   2  14   1   4   3  16   7 947   1]
 [  0   0   0   0   0  14   0  43   1 942]]
             precision    recall  f1-score   support

          0       0.78      0.80      0.79      1000
          1       0.97      0.97      0.97      1000
          2       0.77      0.76      0.76      1000
          3       0.87      0.85      0.86      1000
          4       0.78      0.79      0.78      1000
          5       0.93      0.91      0.92      1000
          6       0.63      0.61      0.62      1000
          7       0.90      0.90      0.90      1000
          8       0.93      0.95      0.94      1000
          9       0.92      0.94      0.93      1000

avg / total       0.85      0.85      0.85     10000




