Epochs: 10, alpha: 0.01/2 cada iteração

VALIDATION

[[2435   10   30   94   15    4  341    0   34    0]
 [   7 2900    9   68    4    0    8    0    2    0]
 [  52    3 2337   33  316    2  248    0   17    0]
 [ 119   30    6 2593  123    1   96    0   19    0]
 [   4    4  288  115 2438    0  243    0    8    0]
 [   1    0    1    2    0 2832    1  107   15   59]
 [ 420    8  261   72  208    1 1955    1   36    0]
 [   0    0    0    0    0   91    0 2755    9   89]
 [  17    1   14   18   14   18   60    8 2857    0]
 [   0    0    0    0    0   42    1  124    2 2844]]
             precision    recall  f1-score   support

          0       0.80      0.82      0.81      2963
          1       0.98      0.97      0.97      2998
          2       0.79      0.78      0.79      3008
          3       0.87      0.87      0.87      2987
          4       0.78      0.79      0.78      3100
          5       0.95      0.94      0.94      3018
          6       0.66      0.66      0.66      2962
          7       0.92      0.94      0.93      2944
          8       0.95      0.95      0.95      3007
          9       0.95      0.94      0.95      3013

avg / total       0.87      0.86      0.86     30000



TEST

[[806   3  13  34   0   1 130   0  13   0]
 [  1 973   5  16   0   1   4   0   0   0]
 [ 21   3 766  10 109   0  84   0   7   0]
 [ 32  15   7 895  23   0  27   0   1   0]
 [  2   2  75  27 817   0  74   0   3   0]
 [  2   0   0   1   0 918   1  47   7  24]
 [139   1  69  34  74   1 667   0  15   0]
 [  0   0   0   0   0  38   0 918   1  43]
 [  9   0   6   3   5   4  15   3 955   0]
 [  0   0   0   0   0  13   0  46   1 940]]
             precision    recall  f1-score   support

          0       0.80      0.81      0.80      1000
          1       0.98      0.97      0.97      1000
          2       0.81      0.77      0.79      1000
          3       0.88      0.90      0.89      1000
          4       0.79      0.82      0.81      1000
          5       0.94      0.92      0.93      1000
          6       0.67      0.67      0.67      1000
          7       0.91      0.92      0.91      1000
          8       0.95      0.95      0.95      1000
          9       0.93      0.94      0.94      1000

avg / total       0.87      0.87      0.87     10000






