Epochs: 10, alpha: 0.01/2 cada iteração

VALIDATION

[[2223   31   77  163   22    9  384    0   52    2]
 [  12 2836   24   90    7    2   21    0    6    0]
 [  47   17 1977   42  467   11  413    0   34    0]
 [ 157   72   56 2425  132    9  104    0   27    5]
 [  17   14  374  163 2164    4  347    1   15    1]
 [   7    0    6    8    4 2742    7  143   37   64]
 [ 511   17  407  118  373    8 1457    1   69    1]
 [   2    0    1    0    1  192    1 2565   18  164]
 [  22    9   42   20   33   40   80   19 2741    1]
 [   2    0    2    1    0  114    4  167    5 2718]]
             precision    recall  f1-score   support

          0       0.74      0.75      0.75      2963
          1       0.95      0.95      0.95      2998
          2       0.67      0.66      0.66      3008
          3       0.80      0.81      0.81      2987
          4       0.68      0.70      0.69      3100
          5       0.88      0.91      0.89      3018
          6       0.52      0.49      0.50      2962
          7       0.89      0.87      0.88      2944
          8       0.91      0.91      0.91      3007
          9       0.92      0.90      0.91      3013

avg / total       0.79      0.79      0.79     30000

TEST

[[734  15  26  58   3   1 140   0  23   0]
 [  1 952   9  23   4   1   9   0   1   0]
 [ 17   2 685  12 145   4 124   1  10   0]
 [ 41  25  17 831  44   2  28   1   8   3]
 [  5   3 112  44 715   0 117   0   4   0]
 [  3   0   1   1   1 901   3  49  15  26]
 [167   6 117  42 125   3 512   0  28   0]
 [  1   0   0   0   0  51   0 867   4  77]
 [  7   3  14   2  15  10  28   6 914   1]
 [  0   0   1   0   0  31   2  69   4 893]]
             precision    recall  f1-score   support

          0       0.75      0.73      0.74      1000
          1       0.95      0.95      0.95      1000
          2       0.70      0.69      0.69      1000
          3       0.82      0.83      0.83      1000
          4       0.68      0.71      0.70      1000
          5       0.90      0.90      0.90      1000
          6       0.53      0.51      0.52      1000
          7       0.87      0.87      0.87      1000
          8       0.90      0.91      0.91      1000
          9       0.89      0.89      0.89      1000

avg / total       0.80      0.80      0.80     10000






