Epochs: 10, alpha: 0.01/1.2 cada iteração

VALIDATION

[[2400   24   78  169   16    7  198    1   70    0]
 [  14 2857   30   76    8    2    8    0    3    0]
 [  50    7 2411   34  294    6  177    0   28    1]
 [ 149   48   49 2524  112    1   77    2   25    0]
 [   8   19  573  144 2096    0  234    0   26    0]
 [  15    2    1    7    1 2708    4  163   30   87]
 [ 552   14  513  116  262    9 1411    1   80    4]
 [   0    1    1    1    0  134    0 2635    8  164]
 [  12    2   70   32   11   27   49   18 2778    8]
 [   4    1    1    1    1   51    2  138    4 2810]]
             precision    recall  f1-score   support

          0       0.75      0.81      0.78      2963
          1       0.96      0.95      0.96      2998
          2       0.65      0.80      0.72      3008
          3       0.81      0.84      0.83      2987
          4       0.75      0.68      0.71      3100
          5       0.92      0.90      0.91      3018
          6       0.65      0.48      0.55      2962
          7       0.89      0.90      0.89      2944
          8       0.91      0.92      0.92      3007
          9       0.91      0.93      0.92      3013

avg / total       0.82      0.82      0.82     30000


TEST

[[797  10  27  46   8   6  81   3  21   1]
 [  9 959   9  17   2   0   4   0   0   0]
 [ 21   2 799  16  95   1  57   0   9   0]
 [ 38  17  26 861  34   0  21   0   2   1]
 [  2   5 168  41 693   0  85   0   6   0]
 [  4   1   1   4   1 883   4  61  11  30]
 [195   5 151  48  82   1 488   0  29   1]
 [  0   0   0   0   0  50   1 872   1  76]
 [  6   0  22   9   3   6  14   9 928   3]
 [  1   0   0   0   0  16   1  42   2 938]]
             precision    recall  f1-score   support

          0       0.74      0.80      0.77      1000
          1       0.96      0.96      0.96      1000
          2       0.66      0.80      0.73      1000
          3       0.83      0.86      0.84      1000
          4       0.75      0.69      0.72      1000
          5       0.92      0.88      0.90      1000
          6       0.65      0.49      0.56      1000
          7       0.88      0.87      0.88      1000
          8       0.92      0.93      0.92      1000
          9       0.89      0.94      0.92      1000

avg / total       0.82      0.82      0.82     10000


