Epochs: 10, alpha: 0.01/1.2 cada iteração

VALIDATION

[[2496    9   44   70    8    4  293    0   38    1]
 [   8 2930    9   43    5    0    2    0    1    0]
 [  39    0 2452   31  293    1  181    0   11    0]
 [  93   19   24 2658  100    2   74    0   17    0]
 [   5    6  274  110 2524    0  171    0   10    0]
 [   2    0    0    2    0 2896    0   75    5   38]
 [ 370    3  229   68  220    1 2037    0   34    0]
 [   0    0    0    0    0   65    0 2809    5   65]
 [   7    0   16   13   15   11   32   13 2899    1]
 [   0    0    0    1    0   22    0  101    2 2887]]
             precision    recall  f1-score   support

          0       0.83      0.84      0.83      2963
          1       0.99      0.98      0.98      2998
          2       0.80      0.82      0.81      3008
          3       0.89      0.89      0.89      2987
          4       0.80      0.81      0.81      3100
          5       0.96      0.96      0.96      3018
          6       0.73      0.69      0.71      2962
          7       0.94      0.95      0.95      2944
          8       0.96      0.96      0.96      3007
          9       0.96      0.96      0.96      3013

avg / total       0.89      0.89      0.89     30000



TEST

[[838   2  14  20   1   3 110   0  12   0]
 [  4 979   3  11   0   2   1   0   0   0]
 [ 13   0 789  14  97   0  79   0   8   0]
 [ 23  12   9 901  27   1  22   0   5   0]
 [  1   2  68  26 853   0  49   0   1   0]
 [  1   0   0   0   0 940   0  34   5  20]
 [136   5  66  21  69   0 692   0  11   0]
 [  0   0   0   0   0  19   0 945   0  36]
 [  2   0  11   2   3   4   7   4 967   0]
 [  0   0   0   0   0   6   0  31   1 962]]
             precision    recall  f1-score   support

          0       0.82      0.84      0.83      1000
          1       0.98      0.98      0.98      1000
          2       0.82      0.79      0.81      1000
          3       0.91      0.90      0.90      1000
          4       0.81      0.85      0.83      1000
          5       0.96      0.94      0.95      1000
          6       0.72      0.69      0.71      1000
          7       0.93      0.94      0.94      1000
          8       0.96      0.97      0.96      1000
          9       0.94      0.96      0.95      1000

avg / total       0.89      0.89      0.89     10000


