Epochs: 10, alpha: 0.01/1.2 cada iteração

VALIDATION

[[2442    5   43   96   14    1  323    0   39    0]
 [   7 2910   10   64    3    0    3    0    1    0]
 [  35    1 2395   42  297    1  227    0   10    0]
 [ 126   19   19 2617  116    1   73    0   16    0]
 [   8    4  342  122 2411    0  204    0    9    0]
 [   0    0    0    2    0 2875    0   89   16   36]
 [ 394    6  285   92  240    0 1902    0   42    1]
 [   0    0    0    0    0   77    0 2786   11   70]
 [   6    1   20   15    6   10   43   12 2894    0]
 [   0    1    0    0    0   38    0  114    2 2858]]
             precision    recall  f1-score   support

          0       0.81      0.82      0.82      2963
          1       0.99      0.97      0.98      2998
          2       0.77      0.80      0.78      3008
          3       0.86      0.88      0.87      2987
          4       0.78      0.78      0.78      3100
          5       0.96      0.95      0.95      3018
          6       0.69      0.64      0.66      2962
          7       0.93      0.95      0.94      2944
          8       0.95      0.96      0.96      3007
          9       0.96      0.95      0.96      3013

avg / total       0.87      0.87      0.87     30000

TEST

[[818   1  18  31   0   0 116   0  16   0]
 [  4 973   6  13   1   1   2   0   0   0]
 [ 10   0 791  15  96   0  82   0   6   0]
 [ 36  18   9 889  28   0  16   0   4   0]
 [  1   0  91  29 813   0  64   0   2   0]
 [  1   1   0   1   1 935   0  36   4  21]
 [133   4  82  33  72   0 662   0  14   0]
 [  0   0   0   0   0  27   0 940   0  33]
 [  1   0   5   3   3   2  13   6 967   0]
 [  0   0   0   0   0   8   0  39   2 951]]
             precision    recall  f1-score   support

          0       0.81      0.82      0.82      1000
          1       0.98      0.97      0.97      1000
          2       0.79      0.79      0.79      1000
          3       0.88      0.89      0.88      1000
          4       0.80      0.81      0.81      1000
          5       0.96      0.94      0.95      1000
          6       0.69      0.66      0.68      1000
          7       0.92      0.94      0.93      1000
          8       0.95      0.97      0.96      1000
          9       0.95      0.95      0.95      1000

avg / total       0.87      0.87      0.87     10000




