Epochs: 10, alpha: 0.01/1.2 cada iteração

VALIDATION

[[2515    7   42  113   25    2  223    0   35    1]
 [  30 2843   22   74   16    0    9    0    3    1]
 [ 103   10 2093   36  520    1  223    0   21    1]
 [ 152   25   25 2497  139    0  130    1   17    1]
 [  12    3  215   95 2527    0  235    0   13    0]
 [   2    1    4    3    2 2583    1  202   31  189]
 [ 559    6  291   75  403    0 1569    1   57    1]
 [   0    0    0    1    0   60    0 2749    6  128]
 [  40    3   24   21   28   21   47   21 2798    4]
 [   0    0    1    1    0   23    1  113    3 2871]]
             precision    recall  f1-score   support

          0       0.74      0.85      0.79      2963
          1       0.98      0.95      0.96      2998
          2       0.77      0.70      0.73      3008
          3       0.86      0.84      0.85      2987
          4       0.69      0.82      0.75      3100
          5       0.96      0.86      0.91      3018
          6       0.64      0.53      0.58      2962
          7       0.89      0.93      0.91      2944
          8       0.94      0.93      0.93      3007
          9       0.90      0.95      0.92      3013

avg / total       0.84      0.83      0.83     30000




TEST

[[850   5  17  33   5   0  71   0  18   1]
 [  8 953   7  22   3   2   5   0   0   0]
 [ 32   2 698  13 174   0  75   0   6   0]
 [ 49  21  13 836  34   0  41   0   5   1]
 [  3   0  54  27 834   0  77   0   5   0]
 [  1   2   0   1   1 832   0  82   6  75]
 [194   4 102  26 123   0 528   0  22   1]
 [  0   0   0   0   0  23   0 910   0  67]
 [ 10   1  11   6   6   4  16   7 938   1]
 [  0   0   0   0   0   4   0  36   0 960]]
             precision    recall  f1-score   support

          0       0.74      0.85      0.79      1000
          1       0.96      0.95      0.96      1000
          2       0.77      0.70      0.73      1000
          3       0.87      0.84      0.85      1000
          4       0.71      0.83      0.77      1000
          5       0.96      0.83      0.89      1000
          6       0.65      0.53      0.58      1000
          7       0.88      0.91      0.89      1000
          8       0.94      0.94      0.94      1000
          9       0.87      0.96      0.91      1000

avg / total       0.83      0.83      0.83     10000







